1 162.43 75.6794
2 297.144 137.03
3 402.657 188.592
4 469.279 225.012
5 513.43 242.036
6 554.426 265.539
7 577.616 278.228
8 592.072 285.088
9 608.743 283.298
10 620.322 295.395
11 621.824 291.088
12 622.012 294.822
13 613.595 291.012
14 617.297 289.275
15 618.016 291.144
16 611.17 285.209
17 612.977 279.557
18 594.697 272.951
19 616.858 282.063
20 636.377 282.012
21 641.034 270.644
22 645.391 277.688
23 657.807 271.082
24 670.2 268.602
25 664.146 262.618
26 700.202 272.392
27 694.037 264.477
28 699.85 260.514
29 682.261 261.087
30 713.755 260.019
31 727.013 258.84
32 695.105 250.896
33 721.878 245.734
34 724.844 245.72
35 712.278 240.591
36 697.052 232.6
37 685.159 215.317
38 673.563 215.476
39 688.266 207.074
40 680.385 205.951
41 636.178 197.519
42 711.359 195.788
43 698.22 195.762
44 695.181 199.028
45 645.119 181.74
46 701.897 187.934
47 695.423 183.521
48 676.033 183.611
49 650.014 172.347
50 634.546 167.926
51 733.368 178.955
52 676.244 174.347
53 720.205 176.737
54 708.582 175.56
55 665.41 164.757
56 645.734 167.172
57 660.876 154.997
58 698.066 135.988
59 684.518 154.244
60 683.197 163.877
61 639.307 133.234
62 634.616 158.683
63 719.327 154.068
64 722.993 153.73
65 684.046 154.222
66 690.903 153.098
67 667.424 153.815
68 662.556 153.563
69 647.677 148.794
70 655.131 151.116
71 648.854 146.963
72 634.797 142.858
