1 163.331 75.8291
2 303.061 144.777
3 413.406 205.329
4 482.472 250.411
5 526.845 285.429
6 564.436 317.666
7 591.128 341.959
8 606.436 360.06
9 623.904 376.558
10 635.351 389.172
11 641.842 397.101
12 651.796 406.135
13 659.114 413.009
14 664.795 419.002
15 666.324 420.621
16 670.582 424.852
17 667.743 423.554
18 669.842 426.245
19 706.185 443.003
20 736.392 457.796
21 765.868 470.798
22 796.35 484.728
23 822.475 497.712
24 851.529 508.282
25 873.576 519.287
26 905.293 532.298
27 924.476 539.328
28 950.305 549.998
29 974.222 562.612
30 998.434 568.81
31 1021.09 580.029
32 1049.48 587.332
33 1065.67 592.065
34 1090.82 602.985
35 1102.51 610.434
36 1087.03 600.173
37 1098.23 597.229
38 1115.56 602.974
39 1138.41 608.321
40 1152.48 608.917
41 1172.87 607.017
42 1176.59 608.328
43 1200.04 615.323
44 1204.72 613.226
45 1207.53 610.076
46 1207.38 612.023
47 1213.66 611.468
48 1209.95 610.688
49 1218.53 608.104
50 1202.76 597.829
51 1193.06 597.121
52 1207.81 598.364
53 1221.51 601.569
54 1225.22 603.064
55 1256.82 615.451
56 1288.72 612.757
57 1305.65 617.088
58 1342.32 625.352
59 1344.7 628.262
60 1393.75 633.697
61 1448.72 643.467
62 1430.33 651.331
63 1494.18 660.986
64 1527.94 654.527
65 1495.14 652.618
66 1522.92 659.215
67 1553.06 664.312
68 1562.27 667.785
69 1591.65 667.28
70 1611.18 672.956
71 1548.83 659.135
72 1569.14 673.223
